cam0:
  cam_overlaps: [1]
  camera_model: pinhole
  distortion_coeffs: [0.015290, -0.018059, 0.002595, 0.001582]
  distortion_model: radtan
  intrinsics: [426.10077832048165, 424.989084749111, 424.98360729225607, 247.54254742958543]
  resolution: [848, 480]
  rostopic: /camera/left/raw
cam1:
  T_cn_cnm1:
  - [0.9999965430996178, 0.0004920329296620836, -0.002582961945368188, -0.050085550146064334]
  - [-0.0004988367300907468, 0.9999964062676514, -0.0026341248451750847, 1.346458976845498e-05]
  - [0.0025816565867296214, 0.0026354042155586756, 0.9999931948237897, -0.0002857225784868309]
  - [0.0, 0.0, 0.0, 1.0]
  cam_overlaps: [0]
  camera_model: pinhole
  distortion_coeffs: [0.002417, -0.001945, 0.000434, 0.001118]
  distortion_model: radtan
  intrinsics: [425.57174529552566, 424.64095458662285, 426.09337926408534, 248.1088498793891]
  resolution: [848, 480]
  rostopic: /camera/right/raw
