cam0:
  T_cam_imu:
  - [0.9999462224665205, 0.01013081194130535, -0.002217842272971591, -6.689131747880646e-05]
  - [-0.010112495791357319, 0.9999159012470739, 0.008119597411446161, -0.0001752379174590294]
  - [0.0022999138696167152, -0.008096732838873199, 0.9999645760293363, -0.00038996552269406824]
  - [0.0, 0.0, 0.0, 1.0]
  cam_overlaps: [1]
  camera_model: pinhole
  distortion_coeffs: [-0.011518092988906723, 0.005155103103738698, -0.002658050856048891,
    -0.0008780144333172293]
  distortion_model: radtan
  intrinsics: [426.10077832048165, 424.989084749111, 424.98360729225607, 247.54254742958543]
  resolution: [848, 480]
  rostopic: /cam0/raw
  timeshift_cam_imu: -0.04254002635337512
cam1:
  T_cam_imu:
  - [0.999931849481107, 0.010643682023208584, -0.004796709943409763, -0.05015152018902731]
  - [-0.010617327613901566, 0.9999285820009857, 0.005486643038959738, -0.00016071211221422893]
  - [0.004854765455865292, -0.005435340880451613, 0.9999734438083251, -0.0006763199605535626]
  - [0.0, 0.0, 0.0, 1.0]
  T_cn_cnm1:
  - [0.9999965430996176, 0.0004920329296620836, -0.002582961945368189, -0.050085550146064334]
  - [-0.0004988367300907468, 0.9999964062676512, -0.0026341248451750847, 1.346458976845498e-05]
  - [0.0025816565867296222, 0.0026354042155586756, 0.9999931948237895, -0.0002857225784868309]
  - [0.0, 0.0, 0.0, 1.0]
  cam_overlaps: [0]
  camera_model: pinhole
  distortion_coeffs: [-0.013042038157343434, 0.004046860026858262, -0.002117937481960254,
    -0.0009237201059766053]
  distortion_model: radtan
  intrinsics: [425.57174529552566, 424.64095458662285, 426.09337926408534, 248.1088498793891]
  resolution: [848, 480]
  rostopic: /cam1/raw
  timeshift_cam_imu: -0.04155596944921386
